SetDesc: "MSHT 2020 NLO (68% C.L>) default. mem=0 => central value; mem=1-64 => 32 eigenvector sets (+/- directions). See Section 5.3.2 of arXiv:2012.04684 for error calculation. Web address: www.hep.ucl.ac.uk/msht"
SetIndex: 27100
Authors: S. Bailey, T. Cridge, L.A. Harland-Lang, A.D. Martin, R. S. Thorne
Reference: arXiv:2012.04684
Format: lhagrid1
DataVersion: 3
NumMembers: 65
Flavors: [-5, -4, -3, -2, -1, 1, 2, 3, 4, 5, 21]
OrderQCD: 1
FlavorScheme: variable
NumFlavors: 5
ErrorType: hessian
XMin: 0.1000E-05
XMax: 1.00
QMin: 1.00
QMax: 0.3162E+05
MZ: 91.1876
MUp: 0
MDown: 0
MStrange: 0
MCharm: 1.40
MBottom:  4.75
MTop: 1e+10
AlphaS_MZ: 0.118000
AlphaS_OrderQCD: 1
AlphaS_Type: ipol
AlphaS_Qs: [0.1000000E+01, 0.1118034E+01, 0.1224745E+01, 0.1400000E+01, 0.1400000E+01, 0.1581139E+01, 0.1788854E+01, 0.2000000E+01, 0.2236068E+01, 0.2529822E+01, 0.2828427E+01, 0.3162278E+01, 0.3464102E+01, 0.4750000E+01, 0.4750000E+01, 0.5099020E+01, 0.6324555E+01, 0.8000000E+01, 0.1000000E+02, 0.1264911E+02, 0.1549193E+02, 0.2000000E+02, 0.2529822E+02, 0.3162278E+02, 0.4242641E+02, 0.5656854E+02, 0.7483315E+02, 0.1000000E+03, 0.1341641E+03, 0.1788854E+03, 0.2366432E+03, 0.3162278E+03, 0.4242641E+03, 0.5656854E+03, 0.7483315E+03, 0.1000000E+04, 0.1341641E+04, 0.1788854E+04, 0.2366432E+04, 0.3162278E+04, 0.4242641E+04, 0.5656854E+04, 0.7483315E+04, 0.1000000E+05, 0.1341641E+05, 0.1788854E+05, 0.2366432E+05, 0.3162278E+05]
AlphaS_Vals: [0.4517234E+00, 0.4144779E+00, 0.3886660E+00, 0.3565308E+00, 0.3565306E+00, 0.3340598E+00, 0.3141522E+00, 0.2982095E+00, 0.2838952E+00, 0.2696631E+00, 0.2580352E+00, 0.2474180E+00, 0.2394021E+00, 0.2154080E+00, 0.2154079E+00, 0.2111364E+00, 0.1991746E+00, 0.1876275E+00, 0.1778743E+00, 0.1686731E+00, 0.1614887E+00, 0.1532870E+00, 0.1464622E+00, 0.1405352E+00, 0.1334407E+00, 0.1271724E+00, 0.1216279E+00, 0.1163815E+00, 0.1115146E+00, 0.1071368E+00, 0.1032025E+00, 0.9942524E-01, 0.9587301E-01, 0.9263748E-01, 0.8969676E-01, 0.8684364E-01, 0.8413362E-01, 0.8164228E-01, 0.7935876E-01, 0.7712566E-01, 0.7498837E-01, 0.7300948E-01, 0.7118377E-01, 0.6938726E-01, 0.6765748E-01, 0.6604682E-01, 0.6455304E-01, 0.6307580E-01]
